  
       XFOIL         Version 7.00
  
 Calculated polar for: NACA 4412                                       
  
 1 1 Reynolds number fixed          Mach number fixed         
  
 xtrf =   1.000 (top)        1.000 (bottom)  
 Mach =   0.000     Re =     1.000 e 6     Ncrit =   9.000  9.000
  
   alpha    CL        CD       CDp       CM     Top_Xtr  Bot_Xtr  Top_Itr  Bot_Itr
  ------ -------- --------- --------- -------- -------- -------- -------- --------
   0.000   0.4739   0.00691   0.00059  -0.1034   0.6107   0.3949  33.8088 153.1567
   0.500   0.5266   0.00641   0.00068  -0.1031   0.5860   0.6430  35.6870 171.0842
   1.500   0.6442   0.00606   0.00086  -0.1038   0.5418   1.0000  39.0491 200.0000
   2.000   0.6976   0.00626   0.00089  -0.1033   0.5231   1.0000  40.4748 200.0000
   2.500   0.7513   0.00649   0.00094  -0.1028   0.5061   1.0000  41.7668 200.0000
   3.000   0.8051   0.00674   0.00100  -0.1024   0.4906   1.0000  42.9468 200.0000
   3.500   0.8591   0.00698   0.00106  -0.1020   0.4760   1.0000  44.0648 200.0000
   4.000   0.9133   0.00722   0.00113  -0.1017   0.4613   1.0000  45.1874 200.0000
   4.500   0.9672   0.00747   0.00119  -0.1014   0.4452   1.0000  46.4223 200.0000
   5.000   1.0200   0.00779   0.00127  -0.1009   0.4255   1.0000  47.9382 200.0000
   5.500   1.0730   0.00810   0.00134  -0.1004   0.4031   1.0000  49.6729 200.0000
   6.000   1.1248   0.00848   0.00143  -0.0998   0.3769   1.0000  51.7399 200.0000
